1111
1112
1113
1114
1115
1116
1121
1122
1123
1124
1125
1126
1131
1132
1133
1134
1135
1136
1141
1142
1143
1144
1145
1146
1151
1152
1153
1154
1155
1156
1161
1162
1163
1164
1165
1166
1211
1212
1213
1214
1215
1216
1221
1222
1223
1224
1225
1226
1231
1232
1233
1234
1235
1236
1241
1242
1243
1244
1245
1246
1251
1252
1253
1254
1255
1256
1261
1262
1263
1264
1265
1266
1311
1312
1313
1314
1315
1316
1321
1322
1323
1324
1325
1326
1331
1332
1333
1334
1335
1336
1341
1342
1343
1344
1345
1346
1351
1352
1353
1354
1355
1356
1361
1362
1363
1364
1365
1366
1411
1412
1413
1414
1415
1416
1421
1422
1423
1424
1425
1426
1431
1432
1433
1434
1435
1436
1441
1442
1443
1444
1445
1446
1451
1452
1453
1454
1455
1456
1461
1462
1463
1464
1465
1466
1511
1512
1513
1514
1515
1516
1521
1522
1523
1524
1525
1526
1531
1532
1533
1534
1535
1536
1541
1542
1543
1544
1545
1546
1551
1552
1553
1554
1555
1556
1561
1562
1563
1564
1565
1566
1611
1612
1613
1614
1615
1616
1621
1622
1623
1624
1625
1626
1631
1632
1633
1634
1635
1636
1641
1642
1643
1644
1645
1646
1651
1652
1653
1654
1655
1656
1661
1662
1663
1664
1665
1666
2111
2112
2113
2114
2115
2116
2121
2122
2123
2124
2125
2126
2131
2132
2133
2134
2135
2136
2141
2142
2143
2144
2145
2146
2151
2152
2153
2154
2155
2156
2161
2162
2163
2164
2165
2166
2211
2212
2213
2214
2215
2216
2221
2222
2223
2224
2225
2226
